# table produced by mapDamage version 2.0.2-4-g8e09074
# using mapped file Index9.sort_rmdup-0.bam and /home/rincewind/refsMT/pbe.fasta as reference file
# Chr: reference from sam/bam header, End: from which termini of DNA sequences, Std: strand of reads
Chr	End	Std	Pos	A	C	G	T	Total	G>A	C>T	A>G	T>C	A>C	A>T	C>G	C>A	T>G	T>A	G>C	G>T	A>-	T>-	C>-	G>-	->A	->T	->C	->G	S
gi|301340109|gb|HM185183.1|	3p	+	1	2309	1506	1138	2326	7279	55	90	85	90	47	141	42	42	43	54	14	43	0	0	0	0	0	0	0	0	0
gi|301340109|gb|HM185183.1|	3p	+	2	2510	2173	723	1873	7279	44	61	31	94	79	61	19	36	22	49	9	30	0	0	1	0	0	0	0	0	0
gi|301340109|gb|HM185183.1|	3p	+	3	2190	2230	848	2011	7279	33	47	17	66	56	53	11	29	14	23	18	27	1	0	1	0	0	0	0	0	0
gi|301340109|gb|HM185183.1|	3p	+	4	2275	1935	1041	2026	7277	35	29	29	76	34	45	3	8	17	16	13	13	0	1	0	0	1	0	0	1	0
gi|301340109|gb|HM185183.1|	3p	+	5	2181	2016	1007	2061	7265	31	18	23	44	21	25	3	11	8	16	5	10	1	1	1	1	5	5	4	0	0
gi|301340109|gb|HM185183.1|	3p	+	6	2158	2158	995	1927	7238	14	17	6	24	20	13	5	3	3	12	4	6	0	2	0	1	10	18	9	4	0
gi|301340109|gb|HM185183.1|	3p	+	7	2057	2154	1073	1974	7258	15	25	12	33	6	12	0	4	1	5	5	4	7	1	3	0	6	7	6	2	0
gi|301340109|gb|HM185183.1|	3p	+	8	2192	2143	1084	1835	7254	29	25	12	29	7	10	1	4	2	6	1	1	6	2	2	0	6	11	5	3	0
gi|301340109|gb|HM185183.1|	3p	+	9	2103	2155	1027	1982	7267	18	15	7	24	5	0	1	1	3	2	0	0	3	1	1	0	5	3	3	1	0
gi|301340109|gb|HM185183.1|	3p	+	10	2126	2143	1142	1864	7275	17	16	10	28	2	5	1	2	0	0	4	2	2	2	0	0	0	3	1	0	0
gi|301340109|gb|HM185183.1|	3p	+	11	2230	2096	1059	1891	7276	18	21	15	22	3	0	1	1	0	4	2	2	0	1	1	1	0	2	0	1	0
gi|301340109|gb|HM185183.1|	3p	+	12	2108	2080	1064	2026	7278	21	22	5	16	2	1	0	0	1	0	1	2	0	2	0	0	0	1	0	0	0
gi|301340109|gb|HM185183.1|	3p	+	13	2177	2085	1159	1857	7278	14	23	12	22	2	2	0	1	2	0	1	1	2	1	0	0	0	1	0	0	0
gi|301340109|gb|HM185183.1|	3p	+	14	2158	2163	1031	1925	7277	17	24	9	26	0	0	0	1	0	0	1	0	0	0	0	1	0	1	1	0	0
gi|301340109|gb|HM185183.1|	3p	+	15	2164	2100	1081	1934	7279	10	28	7	22	0	1	0	4	0	0	0	1	0	0	0	0	0	0	0	0	0
gi|301340109|gb|HM185183.1|	3p	+	16	2108	2183	1149	1839	7279	5	17	11	43	1	0	0	1	0	0	0	1	0	0	0	0	0	0	0	0	0
gi|301340109|gb|HM185183.1|	3p	+	17	2222	2150	1059	1848	7279	17	25	9	29	0	1	0	1	0	2	0	0	0	0	0	0	0	0	0	0	0
gi|301340109|gb|HM185183.1|	3p	+	18	2174	2146	1059	1900	7279	16	19	5	37	0	2	0	2	0	0	0	1	0	0	0	0	0	0	0	0	0
gi|301340109|gb|HM185183.1|	3p	+	19	2167	2106	1130	1876	7279	8	14	10	18	0	2	0	2	0	0	0	1	0	0	0	0	0	0	0	0	0
gi|301340109|gb|HM185183.1|	3p	+	20	2247	2154	1066	1812	7279	14	26	6	21	0	0	0	0	2	0	0	0	0	0	0	0	0	0	0	0	0
gi|301340109|gb|HM185183.1|	3p	+	21	2120	2169	1124	1866	7279	11	25	9	14	0	1	1	0	2	0	0	0	0	0	0	0	0	0	0	0	0
gi|301340109|gb|HM185183.1|	3p	+	22	2265	2067	1188	1758	7278	11	21	4	17	0	0	0	3	0	1	0	1	0	0	0	0	0	0	0	0	0
gi|301340109|gb|HM185183.1|	3p	+	23	2282	2144	1131	1719	7276	16	22	13	22	0	0	0	2	1	0	0	1	0	0	0	0	0	0	0	0	0
gi|301340109|gb|HM185183.1|	3p	+	24	2145	2127	1067	1936	7275	10	17	16	29	0	0	2	0	3	0	0	0	0	0	0	0	0	0	0	0	0
gi|301340109|gb|HM185183.1|	3p	+	25	2222	2054	1169	1829	7274	14	15	7	14	0	1	0	1	1	0	1	0	0	0	0	0	0	0	0	0	0
gi|301340109|gb|HM185183.1|	3p	+	26	2166	2172	1155	1778	7271	13	17	12	21	0	0	0	1	0	1	0	1	0	0	0	0	1	0	0	0	0
gi|301340109|gb|HM185183.1|	3p	+	27	2184	2088	1148	1843	7263	13	12	11	21	0	0	0	1	4	1	0	1	0	0	0	0	0	2	1	0	0
gi|301340109|gb|HM185183.1|	3p	+	28	2227	2023	1243	1768	7261	16	15	14	17	0	1	0	2	0	0	0	0	0	0	0	0	0	0	0	0	0
gi|301340109|gb|HM185183.1|	3p	+	29	2216	2113	1141	1785	7255	11	10	16	22	0	3	2	1	3	3	0	0	0	0	0	0	0	1	0	0	0
gi|301340109|gb|HM185183.1|	3p	+	30	2189	2130	1118	1802	7239	12	19	12	17	0	1	0	1	1	0	0	0	0	0	0	0	0	1	0	0	0
gi|301340109|gb|HM185183.1|	3p	+	31	2230	2046	1148	1798	7222	19	14	5	28	1	2	1	3	3	1	0	0	0	0	0	0	0	1	0	1	0
gi|301340109|gb|HM185183.1|	3p	+	32	2315	2069	1082	1737	7203	21	23	11	19	0	2	0	2	2	0	0	1	0	0	0	0	1	0	0	1	0
gi|301340109|gb|HM185183.1|	3p	+	33	2110	2103	1113	1837	7163	14	18	7	25	0	1	1	2	3	2	0	0	0	0	2	0	1	1	0	1	0
gi|301340109|gb|HM185183.1|	3p	+	34	2054	2093	1234	1758	7139	9	17	12	12	1	0	1	6	2	0	1	0	0	1	0	1	0	1	1	0	0
gi|301340109|gb|HM185183.1|	3p	+	35	2189	1988	1165	1754	7096	14	7	9	37	3	3	2	2	1	1	2	0	0	0	0	0	0	0	0	1	0
gi|301340109|gb|HM185183.1|	3p	+	36	2078	2115	1108	1753	7054	14	22	14	30	1	2	2	4	2	4	1	2	0	2	0	0	1	0	0	3	0
gi|301340109|gb|HM185183.1|	3p	+	37	2106	2007	1173	1711	6997	14	22	11	20	0	2	1	5	3	5	1	2	0	0	1	1	0	2	2	0	0
gi|301340109|gb|HM185183.1|	3p	+	38	2143	2009	1131	1664	6947	24	22	12	26	4	6	1	8	1	2	1	1	0	1	1	0	0	0	0	0	0
gi|301340109|gb|HM185183.1|	3p	+	39	2096	1959	1065	1748	6868	19	20	13	18	2	4	2	3	1	5	1	0	1	3	2	0	0	1	2	0	0
gi|301340109|gb|HM185183.1|	3p	+	40	1980	1926	1225	1649	6780	14	22	11	18	6	2	1	2	4	1	2	1	1	0	1	0	1	0	2	0	0
gi|301340109|gb|HM185183.1|	3p	+	41	1982	2005	1086	1602	6675	15	27	15	12	5	7	2	4	3	9	2	0	1	0	1	0	0	1	0	1	0
gi|301340109|gb|HM185183.1|	3p	+	42	1967	1912	1042	1639	6560	14	25	4	19	1	4	2	3	7	3	0	2	1	0	1	1	0	1	0	0	0
gi|301340109|gb|HM185183.1|	3p	+	43	1963	1865	1111	1505	6444	16	17	10	15	4	6	3	7	3	2	1	2	0	1	1	1	1	0	0	1	0
gi|301340109|gb|HM185183.1|	3p	+	44	1954	1856	1015	1508	6333	15	30	10	15	6	6	3	1	4	5	2	2	1	1	0	0	0	0	0	0	0
gi|301340109|gb|HM185183.1|	3p	+	45	1892	1753	1002	1549	6196	18	29	9	12	3	5	1	3	4	8	0	1	3	4	2	1	3	2	1	0	0
gi|301340109|gb|HM185183.1|	3p	+	46	1869	1733	972	1484	6058	5	25	13	11	2	7	1	9	2	3	2	0	3	0	0	1	0	0	2	0	0
gi|301340109|gb|HM185183.1|	3p	+	47	1801	1673	969	1450	5893	16	19	12	25	3	7	4	3	6	3	1	0	0	0	0	0	3	0	0	0	0
gi|301340109|gb|HM185183.1|	3p	+	48	1757	1642	877	1474	5750	24	29	7	13	4	5	3	3	5	7	0	1	0	3	0	0	0	0	3	1	0
gi|301340109|gb|HM185183.1|	3p	+	49	1752	1589	916	1331	5588	12	21	13	12	6	9	2	4	4	7	5	1	0	1	1	0	0	1	1	0	0
gi|301340109|gb|HM185183.1|	3p	+	50	1679	1570	889	1264	5402	15	26	10	14	3	5	4	4	4	7	1	1	3	2	3	1	2	0	4	0	0
gi|301340109|gb|HM185183.1|	3p	+	51	1560	1453	832	1385	5230	12	18	12	21	4	2	3	7	4	4	2	1	0	3	0	1	1	3	0	2	0
gi|301340109|gb|HM185183.1|	3p	+	52	1576	1442	820	1223	5061	13	12	12	16	9	5	3	10	4	9	4	2	1	0	2	0	1	0	2	0	0
gi|301340109|gb|HM185183.1|	3p	+	53	1467	1431	789	1180	4867	18	20	14	10	7	5	3	9	2	8	1	4	2	4	2	1	3	2	0	0	0
gi|301340109|gb|HM185183.1|	3p	+	54	1460	1317	722	1176	4675	12	16	22	12	3	8	1	7	0	6	2	0	1	3	1	2	3	0	0	1	0
gi|301340109|gb|HM185183.1|	3p	+	55	1389	1239	769	1069	4466	5	22	17	14	5	6	3	7	2	4	3	1	2	3	2	0	1	0	0	1	0
gi|301340109|gb|HM185183.1|	3p	+	56	1343	1192	659	1031	4225	7	22	16	11	2	2	3	5	5	6	0	1	2	1	3	1	2	1	2	1	0
gi|301340109|gb|HM185183.1|	3p	+	57	1140	1179	659	1051	4029	10	20	9	13	5	3	2	5	0	1	3	0	1	1	1	1	1	0	1	1	0
gi|301340109|gb|HM185183.1|	3p	+	58	1183	1073	647	926	3829	5	20	11	12	7	2	3	4	3	6	1	2	1	1	1	1	2	0	0	1	0
gi|301340109|gb|HM185183.1|	3p	+	59	1144	1090	568	803	3605	12	25	10	8	8	5	3	6	6	2	2	0	1	1	0	2	2	1	1	0	0
gi|301340109|gb|HM185183.1|	3p	+	60	936	1000	574	878	3388	2	21	7	15	4	3	1	9	4	3	0	1	1	1	2	0	2	0	0	0	0
gi|301340109|gb|HM185183.1|	3p	+	61	978	919	525	746	3168	7	16	12	8	5	6	0	4	1	5	2	0	2	2	0	1	0	1	0	0	0
gi|301340109|gb|HM185183.1|	3p	+	62	923	836	470	733	2962	6	20	13	11	5	2	2	3	4	3	1	1	2	3	1	1	1	0	2	0	0
gi|301340109|gb|HM185183.1|	3p	+	63	854	797	461	693	2805	6	18	9	8	5	1	2	5	3	8	4	0	1	1	3	0	2	1	0	0	0
gi|301340109|gb|HM185183.1|	3p	+	64	809	774	465	605	2653	7	19	13	5	3	1	2	8	2	6	1	0	1	1	1	0	2	2	1	0	0
gi|301340109|gb|HM185183.1|	3p	+	65	771	742	359	598	2470	3	8	5	6	5	5	2	4	4	9	5	1	1	4	3	0	1	5	0	0	0
gi|301340109|gb|HM185183.1|	3p	+	66	678	638	374	587	2277	5	13	12	10	3	3	6	1	6	2	1	2	2	0	2	0	1	0	0	0	0
gi|301340109|gb|HM185183.1|	3p	+	67	623	597	370	511	2101	7	10	3	7	8	4	2	4	4	5	2	1	1	1	1	0	0	0	0	0	0
gi|301340109|gb|HM185183.1|	3p	+	68	637	550	276	461	1924	6	11	7	12	4	6	1	6	3	5	1	0	0	0	1	0	0	0	1	1	0
gi|301340109|gb|HM185183.1|	3p	+	69	535	529	284	402	1750	11	9	3	7	2	2	6	8	0	2	0	0	0	0	1	0	1	0	2	0	0
gi|301340109|gb|HM185183.1|	3p	+	70	495	445	253	384	1577	3	9	8	10	4	1	1	8	2	3	0	0	2	1	0	0	2	1	0	0	0
gi|301340109|gb|HM185183.1|	3p	-	1	2003	735	2286	2807	7831	86	48	84	30	17	65	16	11	61	46	11	48	0	0	0	0	0	0	0	0	0
gi|301340109|gb|HM185183.1|	3p	-	2	2391	1261	1798	2378	7828	86	27	50	54	34	49	10	11	40	41	20	38	0	0	0	1	2	0	1	0	0
gi|301340109|gb|HM185183.1|	3p	-	3	2015	1179	1961	2669	7824	70	19	54	46	23	36	3	10	35	34	19	33	0	0	0	0	1	3	2	1	0
gi|301340109|gb|HM185183.1|	3p	-	4	2064	1178	2160	2414	7816	57	17	32	33	13	23	2	9	19	13	11	37	0	2	0	0	2	4	5	4	0
gi|301340109|gb|HM185183.1|	3p	-	5	2007	1227	2119	2461	7814	49	21	30	22	16	18	2	6	13	8	4	8	1	0	1	2	6	3	4	4	0
gi|301340109|gb|HM185183.1|	3p	-	6	1945	1217	2191	2455	7808	39	14	29	16	7	12	2	4	7	3	4	11	2	1	1	2	5	9	3	6	0
gi|301340109|gb|HM185183.1|	3p	-	7	1854	1252	2210	2497	7813	24	19	16	15	2	5	1	0	3	3	0	10	3	1	1	3	2	8	6	2	0
gi|301340109|gb|HM185183.1|	3p	-	8	1957	1192	2232	2435	7816	30	21	15	11	5	3	0	3	2	3	2	7	1	1	1	1	5	5	3	2	0
gi|301340109|gb|HM185183.1|	3p	-	9	1978	1218	2144	2484	7824	27	18	21	10	2	1	0	2	3	1	0	2	0	4	1	1	2	1	2	2	0
gi|301340109|gb|HM185183.1|	3p	-	10	1997	1233	2229	2370	7829	29	15	14	8	3	3	0	1	2	5	3	1	0	0	0	0	0	2	0	0	0
gi|301340109|gb|HM185183.1|	3p	-	11	1911	1222	2245	2452	7830	33	13	20	11	1	1	0	1	0	4	0	3	1	0	0	0	1	0	0	0	0
gi|301340109|gb|HM185183.1|	3p	-	12	1911	1221	2158	2539	7829	19	16	31	12	1	1	1	1	0	0	0	2	0	0	0	0	1	1	0	0	0
gi|301340109|gb|HM185183.1|	3p	-	13	1957	1306	2332	2236	7831	19	19	13	16	0	0	0	1	1	1	0	2	0	0	0	0	0	0	0	0	0
gi|301340109|gb|HM185183.1|	3p	-	14	1967	1210	2175	2478	7830	23	20	24	12	0	1	0	0	0	0	0	1	0	0	0	0	1	0	0	0	0
gi|301340109|gb|HM185183.1|	3p	-	15	1931	1237	2207	2456	7831	25	19	28	14	0	1	0	0	0	0	0	2	0	0	0	0	0	0	0	0	0
gi|301340109|gb|HM185183.1|	3p	-	16	1994	1372	2190	2275	7831	26	19	22	7	0	0	0	0	0	0	0	1	0	0	0	0	0	0	0	0	0
gi|301340109|gb|HM185183.1|	3p	-	17	2001	1266	2141	2423	7831	27	17	19	8	0	0	0	0	0	0	0	2	0	0	0	0	0	0	0	0	0
gi|301340109|gb|HM185183.1|	3p	-	18	1875	1289	2174	2493	7831	23	14	17	14	0	0	0	0	0	1	0	1	0	0	0	0	0	0	0	0	0
gi|301340109|gb|HM185183.1|	3p	-	19	1901	1332	2210	2388	7831	22	16	10	13	0	1	0	0	0	0	0	1	0	0	0	0	0	0	0	0	0
gi|301340109|gb|HM185183.1|	3p	-	20	1938	1251	2320	2321	7830	22	17	13	16	0	0	0	0	0	0	0	2	0	0	0	0	1	0	0	0	0
gi|301340109|gb|HM185183.1|	3p	-	21	1887	1168	2343	2433	7831	12	11	21	8	0	0	0	0	0	1	1	1	0	0	0	0	0	0	0	0	0
gi|301340109|gb|HM185183.1|	3p	-	22	1979	1212	2248	2392	7831	19	21	10	11	0	0	0	0	0	0	0	4	0	0	0	0	0	0	0	0	0
gi|301340109|gb|HM185183.1|	3p	-	23	1938	1217	2226	2449	7830	14	22	23	19	1	0	0	0	0	0	0	1	0	0	0	0	0	0	0	0	0
gi|301340109|gb|HM185183.1|	3p	-	24	1843	1308	2252	2426	7829	15	13	23	9	1	0	0	1	1	0	0	3	0	0	0	0	0	0	0	0	0
gi|301340109|gb|HM185183.1|	3p	-	25	1908	1240	2255	2426	7829	27	12	12	5	2	1	0	0	0	2	0	1	0	0	0	0	0	0	0	0	0
gi|301340109|gb|HM185183.1|	3p	-	26	1912	1288	2257	2364	7821	27	9	34	12	1	0	0	1	0	1	2	2	0	0	0	0	0	0	0	0	0
gi|301340109|gb|HM185183.1|	3p	-	27	1905	1263	2294	2353	7815	14	13	17	15	0	1	0	1	1	0	0	2	0	0	0	0	0	0	0	0	0
gi|301340109|gb|HM185183.1|	3p	-	28	1846	1314	2342	2308	7810	9	8	14	13	0	3	1	0	0	1	2	1	0	0	0	0	0	0	0	0	0
gi|301340109|gb|HM185183.1|	3p	-	29	1837	1212	2343	2402	7794	21	12	13	11	0	2	0	0	0	3	2	1	0	0	0	0	0	1	0	0	0
gi|301340109|gb|HM185183.1|	3p	-	30	1871	1185	2354	2370	7780	26	12	24	15	1	0	1	1	4	2	0	1	0	0	0	0	1	0	0	2	0
gi|301340109|gb|HM185183.1|	3p	-	31	1877	1324	2274	2287	7762	16	23	16	17	1	0	3	0	2	1	0	3	1	1	0	0	1	1	0	1	0
gi|301340109|gb|HM185183.1|	3p	-	32	1850	1243	2283	2360	7736	9	15	36	11	0	1	1	1	3	5	3	3	0	1	0	0	0	1	0	1	0
gi|301340109|gb|HM185183.1|	3p	-	33	1846	1260	2243	2360	7709	20	26	15	9	2	0	2	3	2	4	0	1	1	0	0	0	0	1	0	0	0
gi|301340109|gb|HM185183.1|	3p	-	34	1857	1290	2153	2367	7667	17	10	13	19	2	2	0	1	3	4	2	4	1	0	0	0	3	0	0	1	0
gi|301340109|gb|HM185183.1|	3p	-	35	1839	1222	2292	2278	7631	26	16	25	14	0	2	1	2	3	3	1	4	0	2	0	2	1	1	1	1	0
gi|301340109|gb|HM185183.1|	3p	-	36	1878	1154	2226	2325	7583	27	18	23	12	1	2	0	2	2	4	2	2	1	3	0	1	1	2	0	1	0
gi|301340109|gb|HM185183.1|	3p	-	37	1931	1201	2184	2204	7520	18	18	32	9	3	3	2	2	6	4	3	2	0	1	0	4	1	1	1	2	0
gi|301340109|gb|HM185183.1|	3p	-	38	1874	1181	2176	2230	7461	17	14	26	23	4	6	2	2	5	4	2	6	0	3	0	2	2	0	2	1	0
gi|301340109|gb|HM185183.1|	3p	-	39	1818	1237	2080	2237	7372	13	12	28	18	3	5	2	4	9	7	1	4	1	4	1	1	1	1	1	1	0
gi|301340109|gb|HM185183.1|	3p	-	40	1796	1221	2064	2179	7260	23	16	27	7	2	8	1	5	11	11	3	11	2	1	1	2	3	3	0	2	0
gi|301340109|gb|HM185183.1|	3p	-	41	1855	1105	1999	2208	7167	19	24	18	16	4	4	5	5	15	10	1	6	0	2	0	1	0	0	0	2	0
gi|301340109|gb|HM185183.1|	3p	-	42	1767	1094	1985	2183	7029	27	13	32	23	5	4	2	2	11	14	1	5	1	1	0	2	0	0	0	0	0
gi|301340109|gb|HM185183.1|	3p	-	43	1778	1097	1979	2044	6898	17	30	24	10	4	7	3	2	18	11	1	7	3	2	0	2	0	1	1	0	0
gi|301340109|gb|HM185183.1|	3p	-	44	1760	985	1947	2072	6764	21	16	28	15	6	5	7	2	9	12	1	6	2	3	0	1	1	1	0	1	0
gi|301340109|gb|HM185183.1|	3p	-	45	1676	1046	1943	1965	6630	24	17	14	11	2	4	7	9	8	12	7	9	0	2	0	2	4	0	0	2	0
gi|301340109|gb|HM185183.1|	3p	-	46	1573	962	1943	1979	6457	30	22	36	13	4	5	1	3	6	14	4	6	1	3	2	2	0	4	0	2	0
gi|301340109|gb|HM185183.1|	3p	-	47	1596	906	1856	1948	6306	24	19	33	8	2	8	4	3	12	16	4	0	0	2	1	1	1	2	0	1	0
gi|301340109|gb|HM185183.1|	3p	-	48	1480	977	1807	1873	6137	27	24	27	16	3	5	2	4	9	16	2	4	1	2	2	1	1	0	0	1	0
gi|301340109|gb|HM185183.1|	3p	-	49	1552	881	1732	1810	5975	11	11	20	14	1	7	1	9	9	14	4	5	3	1	2	1	1	0	1	2	0
gi|301340109|gb|HM185183.1|	3p	-	50	1447	904	1701	1756	5808	25	12	32	15	7	2	3	4	14	11	2	3	4	1	2	1	0	1	0	0	0
gi|301340109|gb|HM185183.1|	3p	-	51	1441	837	1609	1746	5633	8	15	25	12	8	8	1	5	11	11	2	4	2	0	3	2	2	1	1	0	0
gi|301340109|gb|HM185183.1|	3p	-	52	1411	829	1613	1565	5418	21	12	18	16	9	5	1	7	11	9	4	5	4	3	0	1	1	0	2	0	0
gi|301340109|gb|HM185183.1|	3p	-	53	1386	757	1548	1524	5215	19	22	21	10	6	5	0	1	14	6	3	5	2	0	2	2	1	1	0	1	0
gi|301340109|gb|HM185183.1|	3p	-	54	1255	772	1458	1510	4995	19	11	21	12	3	3	5	9	8	8	2	4	0	1	0	2	1	3	4	1	0
gi|301340109|gb|HM185183.1|	3p	-	55	1261	734	1360	1439	4794	9	13	28	9	3	1	5	5	11	12	3	2	0	1	0	0	0	0	0	2	0
gi|301340109|gb|HM185183.1|	3p	-	56	1208	684	1361	1309	4562	20	7	22	5	4	5	4	4	8	7	2	3	1	1	0	1	3	2	1	2	0
gi|301340109|gb|HM185183.1|	3p	-	57	1059	764	1243	1279	4345	17	12	26	9	2	4	3	7	10	9	3	8	2	1	0	3	5	3	1	2	0
gi|301340109|gb|HM185183.1|	3p	-	58	1113	648	1234	1156	4151	20	17	14	12	3	3	0	5	10	10	3	6	0	2	1	2	3	1	1	1	0
gi|301340109|gb|HM185183.1|	3p	-	59	1060	589	1192	1115	3956	17	14	18	5	2	2	2	4	3	5	1	2	3	3	2	1	5	0	0	2	0
gi|301340109|gb|HM185183.1|	3p	-	60	958	569	1106	1100	3733	20	14	19	10	5	4	1	1	7	5	4	2	4	3	1	2	2	0	1	0	0
gi|301340109|gb|HM185183.1|	3p	-	61	953	557	990	1046	3546	7	18	16	5	3	2	0	4	16	12	2	2	3	2	0	1	2	3	1	0	0
gi|301340109|gb|HM185183.1|	3p	-	62	882	498	982	961	3323	16	12	10	8	8	1	0	3	8	13	1	5	2	4	1	2	1	3	1	3	0
gi|301340109|gb|HM185183.1|	3p	-	63	842	497	900	884	3123	17	10	23	9	4	3	2	2	9	6	1	3	1	3	2	0	3	0	0	2	0
gi|301340109|gb|HM185183.1|	3p	-	64	765	481	853	842	2941	17	11	9	8	5	5	2	4	15	13	4	2	1	0	0	4	0	0	0	1	0
gi|301340109|gb|HM185183.1|	3p	-	65	720	420	804	766	2710	14	9	24	8	3	10	1	4	13	13	9	6	0	2	0	0	2	1	0	1	0
gi|301340109|gb|HM185183.1|	3p	-	66	623	401	734	763	2521	19	18	8	6	3	6	2	1	9	9	3	8	1	6	0	0	2	0	0	1	0
gi|301340109|gb|HM185183.1|	3p	-	67	598	355	637	737	2327	8	9	13	4	6	4	6	3	11	10	4	8	1	5	3	3	0	0	0	0	0
gi|301340109|gb|HM185183.1|	3p	-	68	595	352	647	547	2141	13	11	10	9	1	4	4	4	1	5	7	0	2	3	4	1	1	0	1	0	0
gi|301340109|gb|HM185183.1|	3p	-	69	526	297	586	568	1977	8	8	13	10	6	7	1	2	5	11	2	3	1	4	1	1	2	0	0	0	0
gi|301340109|gb|HM185183.1|	3p	-	70	506	272	516	522	1816	9	5	10	6	2	2	1	1	7	8	2	2	1	0	1	2	1	1	1	1	0
gi|301340109|gb|HM185183.1|	5p	+	1	2435	1976	1104	1764	7279	37	80	55	81	81	43	39	58	39	58	31	9	0	0	0	0	0	0	0	0	13
gi|301340109|gb|HM185183.1|	5p	+	2	2265	1988	1147	1878	7278	28	58	51	52	35	42	24	40	28	38	11	7	2	5	5	2	0	0	1	0	6
gi|301340109|gb|HM185183.1|	5p	+	3	2306	2054	1104	1802	7266	21	48	38	35	25	36	9	36	21	33	6	5	3	14	7	3	6	2	4	1	0
gi|301340109|gb|HM185183.1|	5p	+	4	2263	2000	1134	1865	7262	17	46	20	33	11	20	7	26	15	29	7	4	11	7	9	5	6	3	5	3	0
gi|301340109|gb|HM185183.1|	5p	+	5	2306	2048	1108	1795	7257	20	47	26	22	14	11	6	18	7	15	4	3	8	15	13	7	3	6	9	4	0
gi|301340109|gb|HM185183.1|	5p	+	6	2290	2018	1144	1802	7254	16	38	19	24	6	5	4	16	7	5	0	2	10	6	11	0	8	4	7	6	0
gi|301340109|gb|HM185183.1|	5p	+	7	2262	2063	1140	1798	7263	10	34	17	18	10	2	4	4	7	5	0	2	7	8	5	4	8	4	3	1	0
gi|301340109|gb|HM185183.1|	5p	+	8	2242	2091	1108	1824	7265	18	33	16	18	2	5	2	5	6	3	1	0	3	2	3	0	4	3	3	4	0
gi|301340109|gb|HM185183.1|	5p	+	9	2316	2071	1118	1766	7271	14	33	12	21	3	6	2	3	1	2	0	0	3	1	0	0	2	4	1	1	0
gi|301340109|gb|HM185183.1|	5p	+	10	2251	2067	1150	1807	7275	10	28	9	18	2	1	1	4	2	3	0	1	2	1	3	0	2	0	2	0	0
gi|301340109|gb|HM185183.1|	5p	+	11	2238	2113	1138	1787	7276	12	31	11	18	0	1	0	2	1	2	0	3	0	0	2	0	2	1	0	0	0
gi|301340109|gb|HM185183.1|	5p	+	12	2223	2100	1153	1799	7275	11	32	12	21	0	0	1	0	1	1	0	0	0	1	0	0	1	2	1	0	0
gi|301340109|gb|HM185183.1|	5p	+	13	2166	2133	1154	1825	7278	15	19	11	20	0	0	1	4	0	1	2	0	0	1	0	0	0	1	0	0	0
gi|301340109|gb|HM185183.1|	5p	+	14	2238	2072	1161	1808	7279	17	19	9	16	0	1	0	1	2	1	0	0	0	0	0	0	0	0	0	0	0
gi|301340109|gb|HM185183.1|	5p	+	15	2237	2109	1164	1769	7279	15	22	15	17	0	1	0	1	0	0	0	0	0	0	0	0	0	0	0	0	0
gi|301340109|gb|HM185183.1|	5p	+	16	2209	2108	1163	1798	7278	9	23	9	19	0	0	0	0	0	1	0	1	0	0	0	0	1	0	0	0	0
gi|301340109|gb|HM185183.1|	5p	+	17	2212	2087	1151	1828	7278	19	21	8	16	0	2	0	1	0	0	0	1	0	0	0	0	0	0	1	0	0
gi|301340109|gb|HM185183.1|	5p	+	18	2251	2058	1192	1778	7279	13	26	13	20	0	1	0	2	0	1	1	0	0	0	0	0	0	0	0	0	0
gi|301340109|gb|HM185183.1|	5p	+	19	2192	2114	1172	1801	7279	13	12	7	11	0	0	0	0	0	0	1	1	1	0	0	0	0	0	0	0	0
gi|301340109|gb|HM185183.1|	5p	+	20	2224	2082	1153	1820	7279	17	19	10	17	0	0	0	3	1	0	1	1	0	0	0	0	0	0	0	0	0
gi|301340109|gb|HM185183.1|	5p	+	21	2184	2170	1154	1771	7279	16	23	12	16	0	0	1	3	0	0	0	0	0	0	0	0	0	0	0	0	0
gi|301340109|gb|HM185183.1|	5p	+	22	2189	2144	1150	1795	7278	14	24	9	23	0	1	0	1	1	0	1	0	0	0	0	0	0	0	0	0	0
gi|301340109|gb|HM185183.1|	5p	+	23	2202	2148	1136	1790	7276	15	14	9	19	0	1	1	0	0	0	0	0	0	0	0	0	0	0	0	0	0
gi|301340109|gb|HM185183.1|	5p	+	24	2210	2133	1168	1762	7273	14	18	9	20	0	1	0	1	1	1	0	1	1	0	0	0	0	2	0	0	0
gi|301340109|gb|HM185183.1|	5p	+	25	2182	2115	1168	1809	7274	11	20	12	18	0	2	0	0	1	0	1	0	0	0	0	0	0	0	0	0	0
gi|301340109|gb|HM185183.1|	5p	+	26	2169	2117	1162	1824	7272	12	27	10	17	1	0	0	1	1	0	0	0	0	0	0	0	0	0	0	0	0
gi|301340109|gb|HM185183.1|	5p	+	27	2245	2113	1158	1750	7266	12	21	12	17	1	1	1	2	1	1	0	0	1	1	0	0	0	0	0	0	0
gi|301340109|gb|HM185183.1|	5p	+	28	2157	2103	1174	1827	7261	9	15	12	18	0	1	0	0	1	2	0	0	0	0	0	0	0	0	0	0	0
gi|301340109|gb|HM185183.1|	5p	+	29	2167	2150	1147	1792	7256	17	21	9	23	1	2	1	0	0	0	0	2	0	0	0	0	0	0	0	0	0
gi|301340109|gb|HM185183.1|	5p	+	30	2224	2101	1150	1765	7240	18	21	10	23	1	3	0	2	2	0	1	1	1	0	0	0	0	0	0	0	0
gi|301340109|gb|HM185183.1|	5p	+	31	2154	2123	1129	1817	7223	12	17	11	18	1	2	0	0	1	0	0	1	0	0	0	0	0	1	0	0	0
gi|301340109|gb|HM185183.1|	5p	+	32	2157	2124	1107	1816	7204	12	22	12	24	2	5	2	3	1	1	0	0	1	0	1	0	1	0	0	0	0
gi|301340109|gb|HM185183.1|	5p	+	33	2153	2123	1113	1775	7164	16	20	11	21	5	4	3	0	1	2	1	2	0	0	0	0	0	1	1	0	0
gi|301340109|gb|HM185183.1|	5p	+	34	2142	2064	1136	1796	7138	9	24	13	29	0	4	0	1	2	1	1	1	1	0	1	0	0	3	0	0	0
gi|301340109|gb|HM185183.1|	5p	+	35	2092	2069	1133	1799	7093	15	17	8	30	5	4	0	1	2	1	0	4	0	0	0	0	1	2	1	0	0
gi|301340109|gb|HM185183.1|	5p	+	36	2163	2021	1098	1774	7056	20	22	9	24	10	7	0	4	2	3	1	3	0	0	0	1	0	1	1	0	0
gi|301340109|gb|HM185183.1|	5p	+	37	2083	2041	1112	1758	6994	27	23	7	20	5	7	1	3	1	1	1	3	0	3	0	0	2	3	2	0	0
gi|301340109|gb|HM185183.1|	5p	+	38	2109	2024	1058	1750	6941	18	22	8	25	10	9	1	3	2	5	1	2	0	1	1	0	0	3	2	1	0
gi|301340109|gb|HM185183.1|	5p	+	39	2087	2026	1054	1702	6869	18	24	10	22	5	11	1	4	1	3	0	3	0	1	0	1	0	1	1	0	0
gi|301340109|gb|HM185183.1|	5p	+	40	2043	1958	1074	1706	6781	17	21	13	25	7	5	2	4	2	0	1	3	0	0	1	0	1	0	1	0	0
gi|301340109|gb|HM185183.1|	5p	+	41	2035	1913	998	1723	6669	17	22	16	18	6	10	1	3	2	5	1	2	1	0	0	0	2	5	1	0	0
gi|301340109|gb|HM185183.1|	5p	+	42	2019	1903	958	1680	6560	16	18	9	23	7	8	4	7	4	1	0	1	1	0	0	0	1	0	0	0	0
gi|301340109|gb|HM185183.1|	5p	+	43	1926	1867	980	1671	6444	21	20	12	22	4	9	1	2	6	6	2	2	2	0	0	0	1	0	1	0	0
gi|301340109|gb|HM185183.1|	5p	+	44	1882	1846	984	1621	6333	23	28	10	31	4	8	2	3	6	7	0	2	0	0	1	0	0	0	0	0	0
gi|301340109|gb|HM185183.1|	5p	+	45	1863	1801	957	1578	6199	17	23	13	25	9	8	3	4	2	2	2	7	0	0	1	1	0	1	1	1	0
gi|301340109|gb|HM185183.1|	5p	+	46	1838	1755	898	1567	6058	15	18	11	26	7	6	0	4	3	7	4	5	0	0	0	0	1	1	0	0	0
gi|301340109|gb|HM185183.1|	5p	+	47	1791	1685	878	1538	5892	15	20	11	20	8	11	1	2	4	7	6	4	0	0	0	0	1	1	2	0	0
gi|301340109|gb|HM185183.1|	5p	+	48	1759	1645	876	1469	5749	14	14	12	33	7	10	2	1	4	4	1	5	0	0	1	0	2	2	0	1	0
gi|301340109|gb|HM185183.1|	5p	+	49	1632	1608	867	1478	5585	16	10	9	23	11	8	0	0	4	6	0	4	1	0	0	0	1	1	2	1	0
gi|301340109|gb|HM185183.1|	5p	+	50	1648	1537	793	1425	5403	15	13	10	27	5	7	2	2	1	6	3	3	2	0	0	0	1	2	0	2	0
gi|301340109|gb|HM185183.1|	5p	+	51	1594	1470	802	1366	5232	18	14	8	23	3	10	0	11	3	9	0	2	1	1	0	0	1	2	1	0	0
gi|301340109|gb|HM185183.1|	5p	+	52	1502	1441	778	1340	5061	17	16	10	25	8	8	6	5	7	6	1	2	0	0	0	0	1	0	2	0	0
gi|301340109|gb|HM185183.1|	5p	+	53	1450	1412	713	1291	4866	17	15	14	15	4	12	5	2	2	7	2	5	0	0	0	0	0	5	0	1	0
gi|301340109|gb|HM185183.1|	5p	+	54	1400	1348	720	1210	4678	12	13	11	24	7	5	1	6	4	5	1	2	1	0	0	0	1	0	0	0	0
gi|301340109|gb|HM185183.1|	5p	+	55	1307	1273	685	1201	4466	19	16	9	24	5	17	2	4	3	4	2	2	0	0	0	0	1	1	0	0	0
gi|301340109|gb|HM185183.1|	5p	+	56	1251	1187	640	1149	4227	14	12	6	22	8	10	3	1	3	5	1	5	0	0	1	0	1	2	0	1	0
gi|301340109|gb|HM185183.1|	5p	+	57	1220	1146	627	1038	4031	10	17	10	23	5	16	4	1	3	6	0	1	0	1	0	0	0	0	1	0	0
gi|301340109|gb|HM185183.1|	5p	+	58	1138	1087	591	1013	3829	6	21	5	25	7	6	1	3	1	2	2	4	0	1	0	0	1	2	0	0	0
gi|301340109|gb|HM185183.1|	5p	+	59	1085	1029	541	950	3605	10	15	6	13	1	8	3	1	2	5	2	4	1	0	0	0	2	1	0	1	0
gi|301340109|gb|HM185183.1|	5p	+	60	1002	979	508	896	3385	6	12	8	19	7	6	5	6	2	3	5	5	0	0	1	0	1	3	0	1	0
gi|301340109|gb|HM185183.1|	5p	+	61	893	953	474	847	3167	11	13	5	16	6	8	2	9	1	4	3	4	1	1	0	0	0	1	0	1	0
gi|301340109|gb|HM185183.1|	5p	+	62	856	852	436	818	2962	7	14	10	14	6	6	3	9	3	2	0	4	2	1	0	0	0	1	2	0	0
gi|301340109|gb|HM185183.1|	5p	+	63	821	806	424	756	2807	12	15	10	14	6	10	1	8	5	5	1	2	0	0	0	0	0	1	0	0	0
gi|301340109|gb|HM185183.1|	5p	+	64	781	753	404	719	2657	8	15	9	15	6	12	1	4	3	9	5	7	0	0	0	0	0	1	0	0	0
gi|301340109|gb|HM185183.1|	5p	+	65	726	722	359	667	2474	13	12	12	10	10	6	0	1	5	5	2	8	1	0	0	0	1	0	1	0	0
gi|301340109|gb|HM185183.1|	5p	+	66	668	685	332	591	2276	11	10	8	19	10	12	1	5	3	3	3	6	1	0	0	0	1	1	0	0	0
gi|301340109|gb|HM185183.1|	5p	+	67	628	619	331	519	2097	5	8	7	10	7	11	2	4	2	0	2	3	0	0	0	0	2	1	1	0	0
gi|301340109|gb|HM185183.1|	5p	+	68	557	559	299	507	1922	5	8	4	11	7	8	1	2	2	3	4	3	0	1	0	0	1	1	1	1	0
gi|301340109|gb|HM185183.1|	5p	+	69	521	513	255	464	1753	5	7	8	11	5	3	0	2	0	5	1	1	1	1	0	0	0	0	0	0	0
gi|301340109|gb|HM185183.1|	5p	+	70	462	440	236	441	1579	9	5	8	8	5	3	2	3	3	3	3	3	0	0	0	0	1	0	0	0	0
gi|301340109|gb|HM185183.1|	5p	-	1	2206	1086	2252	2287	7831	101	42	123	85	76	54	29	43	113	139	69	40	0	0	0	0	0	0	0	0	9
gi|301340109|gb|HM185183.1|	5p	-	2	2068	1074	2280	2407	7829	75	56	101	41	16	52	25	37	94	81	19	38	4	7	3	3	0	0	1	1	4
gi|301340109|gb|HM185183.1|	5p	-	3	2060	1167	2211	2385	7823	61	34	66	34	20	25	12	25	61	60	15	18	8	9	2	5	4	0	3	1	1
gi|301340109|gb|HM185183.1|	5p	-	4	2075	1172	2228	2336	7811	39	31	56	21	19	20	10	23	40	50	6	18	9	6	4	4	7	4	4	5	0
gi|301340109|gb|HM185183.1|	5p	-	5	2038	1110	2241	2404	7793	45	33	52	16	5	11	14	8	34	24	9	14	6	16	9	8	12	13	7	6	0
gi|301340109|gb|HM185183.1|	5p	-	6	2086	1090	2268	2347	7791	33	23	37	17	3	5	3	6	18	20	3	8	11	15	6	14	14	11	3	12	0
gi|301340109|gb|HM185183.1|	5p	-	7	2082	1131	2284	2305	7802	27	21	39	11	5	6	6	6	14	6	1	5	6	10	2	10	12	6	5	6	0
gi|301340109|gb|HM185183.1|	5p	-	8	1994	1124	2282	2403	7803	29	21	32	12	4	3	3	5	7	13	0	3	6	6	1	8	13	5	2	8	0
gi|301340109|gb|HM185183.1|	5p	-	9	2054	1132	2269	2358	7813	19	21	31	18	4	1	0	6	2	5	0	2	0	6	3	8	8	4	1	5	0
gi|301340109|gb|HM185183.1|	5p	-	10	2021	1192	2267	2347	7827	28	20	24	12	2	3	0	2	9	5	2	4	2	5	1	2	1	2	0	1	0
gi|301340109|gb|HM185183.1|	5p	-	11	1961	1166	2287	2414	7828	20	13	18	11	1	1	1	4	4	1	0	1	3	2	1	2	2	1	0	0	0
gi|301340109|gb|HM185183.1|	5p	-	12	2022	1209	2288	2310	7829	23	12	29	12	1	0	2	0	1	3	0	4	1	1	0	1	0	0	1	1	0
gi|301340109|gb|HM185183.1|	5p	-	13	2015	1218	2272	2322	7827	15	23	23	11	1	1	0	2	1	4	1	0	0	1	1	0	2	0	2	0	0
gi|301340109|gb|HM185183.1|	5p	-	14	2014	1168	2264	2381	7827	19	18	23	14	1	3	1	0	1	1	0	1	0	1	1	0	2	1	0	1	0
gi|301340109|gb|HM185183.1|	5p	-	15	1959	1197	2292	2382	7830	22	17	23	10	2	1	1	0	0	0	0	0	0	1	0	0	0	0	0	1	0
gi|301340109|gb|HM185183.1|	5p	-	16	1970	1200	2256	2405	7831	19	20	25	10	1	1	0	1	0	0	0	4	0	0	1	0	0	0	0	0	0
gi|301340109|gb|HM185183.1|	5p	-	17	1937	1214	2263	2416	7830	20	12	19	12	0	0	0	0	0	1	0	0	0	0	0	0	1	0	0	0	0
gi|301340109|gb|HM185183.1|	5p	-	18	1974	1221	2272	2363	7830	24	13	22	10	1	0	0	0	0	1	1	3	0	0	0	0	1	0	0	0	0
gi|301340109|gb|HM185183.1|	5p	-	19	1957	1212	2291	2371	7831	17	14	17	9	1	0	0	0	1	0	1	2	0	0	0	0	0	0	0	0	0
gi|301340109|gb|HM185183.1|	5p	-	20	1935	1191	2304	2400	7830	18	21	23	9	1	1	0	0	0	0	0	2	0	0	0	0	1	0	0	0	0
gi|301340109|gb|HM185183.1|	5p	-	21	1942	1246	2235	2407	7830	14	18	27	11	1	0	0	2	0	0	0	2	0	0	0	0	1	0	0	0	0
gi|301340109|gb|HM185183.1|	5p	-	22	1932	1264	2220	2415	7831	14	15	21	10	1	2	0	0	0	0	1	0	0	0	0	0	0	0	0	0	0
gi|301340109|gb|HM185183.1|	5p	-	23	1872	1235	2257	2466	7830	12	14	19	12	1	0	0	0	0	0	0	4	0	0	0	0	0	0	0	0	0
gi|301340109|gb|HM185183.1|	5p	-	24	1940	1238	2267	2384	7829	25	15	21	12	1	0	0	0	0	2	0	1	0	0	0	0	0	0	0	0	0
gi|301340109|gb|HM185183.1|	5p	-	25	1973	1259	2212	2384	7828	16	12	17	13	1	0	0	0	1	1	1	1	0	0	0	0	0	0	0	1	0
gi|301340109|gb|HM185183.1|	5p	-	26	1900	1249	2280	2392	7821	14	20	20	12	1	0	1	1	0	2	0	5	0	0	0	0	0	0	0	0	0
gi|301340109|gb|HM185183.1|	5p	-	27	1906	1245	2262	2402	7815	21	16	25	9	1	1	0	3	0	3	1	1	0	0	0	0	0	0	0	0	0
gi|301340109|gb|HM185183.1|	5p	-	28	1954	1288	2204	2362	7808	16	13	26	11	1	1	0	0	0	0	0	2	0	0	0	0	0	1	0	1	0
gi|301340109|gb|HM185183.1|	5p	-	29	1902	1244	2280	2367	7793	24	17	24	10	1	1	0	0	1	0	0	3	0	0	0	0	1	0	0	1	0
gi|301340109|gb|HM185183.1|	5p	-	30	1944	1250	2224	2364	7782	14	16	23	8	1	2	0	0	1	1	0	2	0	0	0	1	1	0	0	0	0
gi|301340109|gb|HM185183.1|	5p	-	31	1918	1273	2192	2381	7764	21	13	17	9	2	0	0	2	0	0	1	0	0	1	0	0	0	0	1	0	0
gi|301340109|gb|HM185183.1|	5p	-	32	1881	1240	2242	2375	7738	18	14	23	10	4	2	0	0	0	0	1	3	1	1	0	0	0	0	0	0	0
gi|301340109|gb|HM185183.1|	5p	-	33	1905	1248	2214	2342	7709	19	10	19	15	1	0	0	0	2	1	0	5	0	1	0	0	0	1	0	0	0
gi|301340109|gb|HM185183.1|	5p	-	34	1901	1242	2181	2342	7666	22	11	13	9	2	3	0	1	0	1	0	4	0	0	0	0	1	2	2	0	0
gi|301340109|gb|HM185183.1|	5p	-	35	1864	1207	2162	2401	7634	17	15	21	16	3	1	0	1	2	1	0	3	0	0	0	0	0	1	0	0	0
gi|301340109|gb|HM185183.1|	5p	-	36	1858	1227	2165	2335	7585	14	18	26	8	3	6	0	1	1	0	0	4	0	0	0	1	1	1	0	0	0
gi|301340109|gb|HM185183.1|	5p	-	37	1872	1233	2091	2329	7525	20	13	21	13	6	8	1	0	2	3	0	2	0	0	0	0	0	0	0	0	0
gi|301340109|gb|HM185183.1|	5p	-	38	1855	1194	2135	2280	7464	24	20	23	11	2	6	2	0	3	3	0	5	0	0	0	1	1	1	0	0	0
gi|301340109|gb|HM185183.1|	5p	-	39	1830	1173	2080	2290	7373	33	13	17	12	4	3	0	1	4	3	0	4	0	0	0	0	1	1	0	1	0
gi|301340109|gb|HM185183.1|	5p	-	40	1779	1223	2082	2183	7267	22	19	18	12	3	3	1	1	7	3	1	5	0	0	0	0	0	1	0	0	0
gi|301340109|gb|HM185183.1|	5p	-	41	1739	1171	2029	2229	7168	25	23	20	14	1	5	0	1	5	3	5	8	0	0	0	0	0	0	1	0	0
gi|301340109|gb|HM185183.1|	5p	-	42	1778	1133	1975	2142	7028	27	18	21	7	3	3	2	1	5	5	3	3	0	0	0	1	0	1	0	0	0
gi|301340109|gb|HM185183.1|	5p	-	43	1679	1101	1960	2157	6897	24	15	18	15	3	6	0	2	2	3	1	3	0	0	0	0	0	0	3	0	0
gi|301340109|gb|HM185183.1|	5p	-	44	1641	1080	1938	2102	6761	22	19	22	14	7	7	0	1	3	4	0	3	0	0	0	0	1	1	1	3	0
gi|301340109|gb|HM185183.1|	5p	-	45	1675	1069	1877	2015	6636	24	22	20	15	1	5	3	1	3	6	2	4	0	0	0	0	0	0	0	0	0
gi|301340109|gb|HM185183.1|	5p	-	46	1621	1009	1847	1984	6461	21	18	17	20	1	8	1	1	3	2	4	11	0	0	0	1	0	2	0	0	0
gi|301340109|gb|HM185183.1|	5p	-	47	1550	1013	1815	1930	6308	19	19	14	16	2	6	1	4	5	2	3	7	0	0	0	1	1	0	0	1	0
gi|301340109|gb|HM185183.1|	5p	-	48	1583	973	1712	1871	6139	17	11	18	11	3	6	2	1	4	3	2	6	0	0	0	0	0	0	0	0	0
gi|301340109|gb|HM185183.1|	5p	-	49	1500	986	1645	1846	5977	21	12	16	11	3	7	2	2	3	1	3	8	0	0	0	0	1	0	0	1	0
gi|301340109|gb|HM185183.1|	5p	-	50	1454	927	1647	1779	5807	24	19	19	9	3	4	0	5	4	3	0	5	0	0	0	0	1	0	1	0	0
gi|301340109|gb|HM185183.1|	5p	-	51	1428	868	1644	1696	5636	27	14	18	11	2	6	1	1	1	2	4	8	0	0	0	0	1	0	0	0	0
gi|301340109|gb|HM185183.1|	5p	-	52	1349	865	1535	1668	5417	20	10	15	8	0	8	1	1	1	3	4	7	0	1	0	0	0	1	3	0	0
gi|301340109|gb|HM185183.1|	5p	-	53	1321	862	1442	1591	5216	21	16	19	15	1	5	0	4	4	3	1	7	1	0	0	0	0	0	2	0	0
gi|301340109|gb|HM185183.1|	5p	-	54	1276	805	1398	1521	5000	26	14	16	12	1	2	1	1	4	5	3	4	1	0	0	0	0	2	1	1	0
gi|301340109|gb|HM185183.1|	5p	-	55	1218	786	1340	1449	4793	20	10	13	14	3	4	1	0	6	4	2	7	0	0	0	0	1	1	1	0	0
gi|301340109|gb|HM185183.1|	5p	-	56	1127	713	1329	1395	4564	21	13	11	8	4	7	1	0	6	3	0	2	0	0	1	0	2	3	0	1	0
gi|301340109|gb|HM185183.1|	5p	-	57	1112	691	1243	1309	4355	16	9	17	12	6	3	0	2	8	3	3	3	0	0	0	0	1	0	0	0	0
gi|301340109|gb|HM185183.1|	5p	-	58	1016	712	1189	1237	4154	21	16	11	8	3	5	1	3	4	6	0	8	1	1	0	1	1	1	0	1	0
gi|301340109|gb|HM185183.1|	5p	-	59	975	640	1143	1199	3957	21	10	16	11	3	5	1	0	4	3	1	2	0	0	0	1	2	1	2	1	0
gi|301340109|gb|HM185183.1|	5p	-	60	941	620	1066	1102	3729	12	8	10	6	7	3	1	2	4	5	1	3	0	0	0	0	1	1	2	3	0
gi|301340109|gb|HM185183.1|	5p	-	61	864	572	999	1113	3548	13	6	12	8	1	6	1	2	4	9	2	8	0	0	1	0	1	2	0	1	0
gi|301340109|gb|HM185183.1|	5p	-	62	829	506	969	1026	3330	22	9	15	12	3	6	1	0	3	7	3	5	0	0	0	1	0	0	1	0	0
gi|301340109|gb|HM185183.1|	5p	-	63	793	491	882	957	3123	19	7	11	10	5	8	1	0	6	7	3	6	0	0	0	0	0	4	0	1	0
gi|301340109|gb|HM185183.1|	5p	-	64	740	480	846	872	2938	19	6	9	15	6	7	1	2	7	2	1	8	0	0	0	0	2	2	0	0	0
gi|301340109|gb|HM185183.1|	5p	-	65	684	430	770	827	2711	15	8	10	9	1	4	1	1	8	4	5	7	1	0	0	0	0	0	1	2	0
gi|301340109|gb|HM185183.1|	5p	-	66	619	421	712	771	2523	15	9	10	8	2	3	2	1	4	4	2	3	0	0	0	0	0	0	1	0	0
gi|301340109|gb|HM185183.1|	5p	-	67	585	380	663	699	2327	10	10	5	5	5	2	0	2	10	3	2	5	0	1	0	0	0	0	0	0	0
gi|301340109|gb|HM185183.1|	5p	-	68	523	333	599	688	2143	19	7	8	7	2	6	0	0	5	3	2	5	0	0	0	0	0	0	0	0	0
gi|301340109|gb|HM185183.1|	5p	-	69	512	336	543	587	1978	11	6	6	5	3	5	0	0	8	3	1	4	0	0	0	0	0	1	0	0	0
gi|301340109|gb|HM185183.1|	5p	-	70	446	306	512	553	1817	14	6	5	5	2	2	1	0	1	3	0	6	1	0	0	0	2	0	1	0	0
